Month,   HPI(NSA),       Loans(Billions)     
1,     23.536818873,     130.0257
2,     23.687178684,     130.6318
3,     23.932483979,     131.1786
4,     24.253337252,     131.6391
5,     24.45817752,     131.7233
6,     24.511278179,     131.8532
7,     24.574166182,     131.83
8,     24.67288923,     131.9313
9,     24.760591767,     132.1325
10,     24.845445253,     132.863
11,     24.959280217,     133.3819
12,     25.100580885,     134.0939
13,     25.246415971,     135.0484
14,     25.401804343,     136.2984
15,     25.620950143,     137.9788
16,     25.903468379,     139.8826
17,     26.113319872,     140.9549
18,     26.260985682,     141.6213
19,     26.441890359,     142.5971
20,     26.613677976,     143.755
21,     26.748844927,     144.7779
22,     26.889577114,     146.071
23,     27.086235351,     147.2806
24,     27.292901743,     148.5136
25,     27.487414948,     149.6394
26,     27.728043732,     151.6731
27,     28.098316344,     153.6788
28,     28.610781549,     156.0952
29,     29.057555912,     158.592
30,     29.376396811,     160.6562
31,     29.713861303,     162.9974
32,     30.080734979,     165.634
33,     30.396216911,     167.5557
34,     30.687393206,     170.2452
35,     31.007600835,     172.8184
36,     31.309231766,     175.0673
37,     31.583363,     177.7143
38,     31.853302723,     180.32
39,     32.180474601,     183.0011
40,     32.622279077,     185.8235
41,     33.071367832,     188.9707
42,     33.466957112,     192.106
43,     33.875667046,     195.0134
44,     34.267831204,     198.3252
45,     34.607875486,     201.099
46,     34.93619275,     204.5151
47,     35.25169027,     207.5855
48,     35.529856025,     210.462
49,     35.81707536,     211.9456
50,     36.154368736,     213.6288
51,     36.584747291,     215.6358
52,     37.124749264,     218.0995
53,     37.62815557,     220.5903
54,     38.034691026,     223.9688
55,     38.432790511,     228.0921
56,     38.851646862,     230.9436
57,     39.236195407,     233.9281
58,     39.536141022,     236.8872
59,     39.791182062,     239.268
60,     40.016630776,     241.6747
61,     40.240781749,     244.1149
62,     40.509939787,     247.048
63,     40.852400867,     248.9923
64,     41.230243258,     250.6829
65,     41.503201517,     251.3254
66,     41.70701697,     252.0475
67,     41.998819967,     253.6243
68,     42.361563626,     255.0428
69,     42.666766927,     256.2875
70,     42.830802339,     258.4035
71,     42.896811424,     260.6068
72,     43.002750726,     262.2834
73,     43.174314001,     263.7707
74,     43.366319281,     265.1531
75,     43.604370629,     266.8392
76,     43.879298813,     268.6235
77,     44.143868194,     271.2572
78,     44.372872678,     273.4038
79,     44.529616221,     274.7618
80,     44.604965478,     277.0577
81,     44.655669671,     278.7288
82,     44.685210735,     280.1515
83,     44.681090908,     281.6173
84,     44.688580777,     283.5867
85,     44.751554454,     285.4002
86,     44.85884152,     287.5623
87,     44.990993121,     290.207
88,     45.127199969,     291.8256
89,     45.198372857,     293.82
90,     45.171380992,     295.6466
91,     45.112744716,     295.9582
92,     45.091391753,     297.0876
93,     45.119585113,     297.9524
94,     45.196780273,     298.668
95,     45.340225605,     299.2424
96,     45.539245411,     299.653
97,     45.752782193,     302.0905
98,     45.969530238,     303.1623
99,     46.20640154,     304.3282
100,     46.475041142,     306.2567
101,     46.756659649,     308.3139
102,     47.033680551,     310.8249
103,     47.277691808,     314.1926
104,     47.444299789,     317.2201
105,     47.560835143,     320.6919
106,     47.673515577,     324.0551
107,     47.785465966,     327.3763
108,     47.89929889,     330.3526
109,     48.023979114,     333.7075
110,     48.176848609,     337.6043
111,     48.40443376,     342.0163
112,     48.716256114,     346.1789
113,     49.046439459,     349.7492
114,     49.331521078,     353.7386
115,     49.561132201,     357.1593
116,     49.724343385,     360.6726
117,     49.833540054,     364.7314
118,     49.934773474,     367.6312
119,     50.066568652,     372.3966
120,     50.253588281,     376.2431
121,     50.460781977,     379.0098
122,     50.656389107,     383.1147
123,     50.853420208,     387.219
124,     51.067152152,     390.5744
125,     51.335579113,     394.4445
126,     51.670767624,     397.6346
127,     52.036463271,     401.1072
128,     52.398495402,     405.2277
129,     52.668149053,     409.7736
130,     52.844717028,     414.3569
131,     52.995319483,     418.6368
132,     53.170289714,     422.881
133,     53.376225929,     427.4241
134,     53.646338449,     432.0842
135,     53.998528873,     437.0619
136,     54.434596287,     441.9351
137,     54.958037953,     446.7371
138,     55.496739234,     451.2358
139,     55.95350683,     457.1174
140,     56.215149093,     463.3312
141,     56.353152494,     469.3344
142,     56.601740049,     473.904
143,     56.941474517,     479.2431
144,     57.223489588,     490.7496
145,     57.501592966,     502.8917
146,     57.818609496,     508.451
147,     58.228522221,     516.5584
148,     58.682095801,     524.8637
149,     59.091578571,     532.1835
150,     59.540478521,     541.697
151,     59.927698526,     549.4396
152,     60.199652509,     556.2838
153,     60.437478706,     563.1903
154,     60.635343553,     570.7208
155,     60.802642698,     577.6559
156,     60.974180863,     585.6643
157,     61.206019029,     591.5896
158,     61.517782124,     595.8702
159,     61.936325133,     601.4244
160,     62.44047995,     608.9203
161,     62.974637974,     616.2145
162,     63.47661524,     622.752
163,     63.870820498,     629.8806
164,     64.171105794,     637.3257
165,     64.463387001,     644.2468
166,     64.773339457,     651.3834
167,     65.092504836,     656.8613
168,     65.410957595,     663.0215
169,     65.725825493,     676.4696
170,     66.090170637,     682.9873
171,     66.565050216,     688.8876
172,     67.113379931,     698.2005
173,     67.65942193,     704.2758
174,     68.172139842,     711.8701
175,     68.668616091,     720.4829
176,     69.103717323,     730.5124
177,     69.412991148,     739.1838
178,     69.658865942,     745.1427
179,     69.880666399,     752.6692
180,     70.115025301,     759.8737
181,     70.31240877,     765.8439
182,     70.459565149,     774.696
183,     70.663275176,     781.6314
184,     70.908839233,     788.7238
185,     71.15653715,     797.8361
186,     71.401163896,     805.6156
187,     71.581074354,     814.3
188,     71.604551836,     819.2724
189,     71.476377169,     823.2676
190,     71.24190612,     829.0683
191,     70.980537988,     834.2879
192,     70.850344696,     841.674
193,     70.813196618,     846.6231
194,     70.817267382,     851.7665
195,     70.918751496,     857.3228
196,     71.055664055,     860.6241
197,     71.206440642,     862.4254
198,     71.357529541,     865.8843
199,     71.410191601,     864.5143
200,     71.333015068,     863.7478
201,     71.318278238,     864.3685
202,     71.434657917,     865.7363
203,     71.542905147,     867.0885
204,     71.610034512,     868.1165
205,     71.737401157,     871.0307
206,     71.942472221,     873.3764
207,     72.089760331,     874.6551
208,     72.127835835,     881.1655
209,     72.125394533,     881.7521
210,     72.173821181,     879.398
211,     72.314450548,     878.6274
212,     72.514029117,     880.2327
213,     72.639449985,     882.9404
214,     72.690923215,     885.7628
215,     72.686410041,     887.0419
216,     72.421787777,     887.7951
217,     72.039059615,     886.1375
218,     71.90607703,     886.8902
219,     72.087408245,     889.817
220,     72.412100486,     892.7521
221,     72.751422988,     898.1535
222,     73.01349633,     902.3509
223,     73.115850326,     904.4331
224,     73.173787334,     907.2896
225,     73.165100607,     910.6837
226,     73.067304055,     914.8451
227,     72.993157655,     919.1996
228,     72.915515648,     928.6141
229,     72.849281274,     929.5395
230,     72.930569129,     929.5205
231,     73.243532117,     931.8595
232,     73.720637037,     935.5997
233,     74.209878151,     939.7904
234,     74.60704723,     944.6796
235,     74.844429371,     951.3919
236,     74.891553596,     957.4578
237,     74.843729091,     965.093
238,     74.806547411,     971.2454
239,     74.769167135,     977.7818
240,     74.708488496,     987.7965
241,     74.689235777,     996.8635
242,     74.764271632,     1006.14
243,     74.886732537,     1013.5787
244,     75.06391725,     1019.9844
245,     75.301482647,     1027.8024
246,     75.520752316,     1035.1312
247,     75.736641376,     1044.427
248,     75.881180017,     1049.2043
249,     75.828993449,     1054.6997
250,     75.715378609,     1057.2177
251,     75.646450776,     1060.8203
252,     75.583964929,     1062.037
253,     75.595457612,     1068.3768
254,     75.763113063,     1071.5282
255,     76.152286319,     1077.4595
256,     76.687727744,     1079.4901
257,     77.183175769,     1081.6912
258,     77.623502324,     1084.7341
259,     77.87414831,     1080.6287
260,     77.871105403,     1089.1303
261,     77.813208683,     1096.0845
262,     77.76554759,     1104.9199
263,     77.698777417,     1112.1538
264,     77.617924592,     1122.928
265,     77.631025538,     1130.0224
266,     77.84096749,     1135.2779
267,     78.299621337,     1147.7847
268,     78.87908061,     1160.8243
269,     79.381206175,     1172.0884
270,     79.754942325,     1183.4731
271,     79.997407455,     1190.3933
272,     80.110016391,     1196.3439
273,     80.187492842,     1208.0963
274,     80.308878686,     1214.9728
275,     80.451505517,     1219.5258
276,     80.532407802,     1220.5712
277,     80.63580199,     1224.4833
278,     81.03223894,     1238.0022
279,     81.704640169,     1252.3465
280,     82.50735753,     1259.1495
281,     83.312423837,     1259.8115
282,     83.994892487,     1260.7427
283,     84.491784008,     1265.4353
284,     84.768987113,     1271.8316
285,     84.936807931,     1274.9339
286,     85.155132723,     1283.9312
287,     85.390076436,     1302.8752
288,     85.592858737,     1311.3407
289,     85.878087237,     1317.5389
290,     86.350238507,     1320.7393
291,     87.042389055,     1326.1926
292,     87.894447043,     1332.0922
293,     88.809191462,     1341.0681
294,     89.683178567,     1346.5987
295,     90.368864669,     1354.1013
296,     90.852859316,     1369.6262
297,     91.163171085,     1388.4859
298,     91.387177229,     1411.7355
299,     91.679043878,     1425.3919
300,     92.324509995,     1460.6777
301,     92.85117468,     1481.3707
302,     93.300993182,     1492.065
303,     94.250196552,     1517.886
304,     95.366923304,     1541.2059
305,     96.475700036,     1564.9851
306,     97.420304613,     1584.2588
307,     98.100661907,     1599.8712
308,     98.53419514,     1612.4187
309,     98.879800419,     1624.0227
310,     99.307769225,     1625.4399
311,     99.70287375,     1636.4446
312,     100,             1639.8448
313,     100.37767125,     1642.8112
314,     101.05051864,     1655.0701
315,     102.02728269,     1668.4876
316,     103.08701682,     1682.3215
317,     104.05298381,     1694.9559
318,     104.94052337,     1698.5212
319,     105.69304875,     1701.214
320,     106.18642334,     1701.6415
321,     106.53956422,     1713.4803
322,     106.82559459,     1717.5879
323,     107.00122437,     1741.8206
324,     107.2301131,     1759.9188
325,     107.71349601,     1757.8455
326,     108.50501052,     1766.5165
327,     109.66617484,     1772.0546
328,     111.04212659,     1781.3322
329,     112.42208524,     1790.2731
330,     113.75810844,     1815.5768
331,     114.95009281,     1834.9388
332,     115.81854398,     1863.4912
333,     116.4644196,     1900.8644
334,     117.09965595,     1947.3937
335,     117.57441469,     1984.5507
336,     117.93313186,     2012.9895
337,     118.33367129,     2037.6829
338,     118.94522779,     2067.461
339,     120.04041985,     2084.4675
340,     121.3781009,     2104.9216
341,     122.61780625,     2130.674
342,     123.89605021,     2148.9317
343,     125.25394578,     2174.8038
344,     126.40210231,     2216.457
345,     127.22811401,     2234.0823
346,     127.88119897,     2213.9855
347,     128.45616193,     2207.0458
348,     129.02258899,     2211.1608
349,     129.70461516,     2228.7356
350,     130.80755576,     2251.1725
351,     132.48262503,     2290.6599
352,     134.69480126,     2340.2326
353,     137.2481008,     2383.0158
354,     139.59338122,     2408.0244
355,     141.32249357,     2410.5738
356,     142.39882195,     2432.3355
357,     143.14590226,     2465.6736
358,     143.89972321,     2496.5749
359,     144.55694399,     2531.007
360,     145.11086006,     2556.4889
361,     145.98884018,     2580.2477
362,     147.44206911,     2604.9976
363,     149.55273349,     2652.5989
364,     152.08572708,     2677.3609
365,     154.54713136,     2694.9694
366,     156.74183715,     2732.2673
367,     158.61157318,     2778.7152
368,     160.06639411,     2819.6417
369,     161.00655965,     2844.7555
370,     161.53374104,     2870.8044
371,     161.75643541,     2898.2032
372,     161.73933487,     2928.881
373,     161.89755669,     2948.0616
374,     162.6226591,     2971.4864
375,     163.85493975,     3001.5789
376,     165.26286098,     3025.6068
377,     166.52840655,     3057.8312
378,     167.29613314,     3092.4501
379,     167.38316857,     3118.3565
380,     166.81552114,     3126.953
381,     165.91118001,     3158.2317
382,     165.03374244,     3308.4713
383,     164.08043587,     3338.1116
384,     163.18104264,     3373.5458
385,     162.93365822,     3395.9705
386,     163.54130413,     3421.0581
387,     164.59571907,     3367.5419
388,     165.40654812,     3385.647
389,     165.75312182,     3409.5548
390,     165.69919499,     3427.5698
391,     164.99651361,     3446.4698
392,     163.65649411,     3468.0311
393,     161.83005531,     3503.7264
394,     159.59802093,     3558.6989
395,     157.13734725,     3586.6352
396,     154.64316011,     3600.1125
397,     152.38023275,     3613.9741
398,     150.62334148,     3628.4813
399,     149.49332629,     3652.54
400,     148.83001529,     3656.1815
401,     148.3643854,     3649.7244
402,     147.91151819,     3637.1764
403,     146.99709066,     3629.5681
404,     145.43212817,     3630.0525
405,     143.47240547,     3669.5662
406,     141.17826965,     3826.4978
407,     138.46035959,     3825.6976
408,     135.64132553,     3819.4849
409,     133.51763443,     3800.9904
410,     132.36621609,     3825.0447
411,     131.86368792,     3829.0159
412,     131.88430632,     3837.4989
413,     132.54107166,     3877.5353
414,     133.46706673,     3860.2559
415,     133.93184508,     3839.4112
416,     133.86692462,     3814.6095
417,     133.59473743,     3768.0044
418,     133.24925373,     3743.1403
419,     132.62835167,     3804.0845
420,     131.61509212,     3776.9329
421,     130.76360025,     3757.4179
422,     130.69213741,     3720.6878
423,     131.21319466,     3706.5314
424,     131.86363493,     3711.6916
425,     132.3144441,     3699.1242
426,     132.10163051,     3682.2858
427,     131.26721375,     3662.1452
428,     130.07178935,     3656.166
429,     128.76114495,     3643.9252
430,     127.59588994,     3628.5954
431,     126.4589669,     3622.1292
432,     125.2132559,     3613.5652
433,     124.14738092,     3602.6564
434,     123.61591615,     3569.9002
435,     123.71485324,     3540.6477
436,     124.18888867,     3520.207
437,     124.68547912,     3507.8008
438,     125.04973157,     3501.0105
439,     124.9713581,     3498.1092
440,     124.43209303,     3493.123
441,     123.71214878,     3490.3871
442,     122.90202948,     3499.1524
443,     122.12099513,     3503.7216
444,     121.25583049,     3495.0692
445,     120.53275508,     3510.7395
446,     120.63897724,     3539.2123
447,     121.84922716,     3544.2574
448,     123.67798327,     3540.3995
449,     125.45690931,     3538.636
450,     126.82277416,     3528.1972
451,     127.57864567,     3525.9685
452,     127.96753522,     3527.3419
453,     128.30410975,     3531.3391
454,     128.62457622,     3527.6859
455,     128.73675034,     3554.7586
456,     128.71470935,     3550.78
457,     129.11703868,     3559.847
458,     130.38389517,     3553.5021
459,     132.46216202,     3548.7344
460,     134.95051735,     3552.7252
461,     137.41011682,     3545.0248
462,     139.58308,     3543.7684
463,     141.1508153,     3538.0863
464,     141.87168378,     3528.3496
465,     142.0210325,     3527.6188
466,     141.90535398,     3524.8603
467,     141.60373027,     3529.9266
468,     141.31265039,     3531.9466
469,     141.397139,     3535.1925
470,     142.18911213,     3544.8412
471,     143.67871098,     3560.7707
472,     145.41324783,     3573.5437
473,     146.97293782,     3581.6071
474,     148.19460535,     3597.2288
475,     148.903716,     3605.8143
476,     149.00676655,     3616.6504
477,     148.78412761,     3620.0662
478,     148.59165601,     3622.107
479,     148.38907672,     3628.5726
480,     148.15262633,     3638.9145
481,     148.20556847,     3651.1921
482,     149.01968411,     3672.3976
483,     150.69783063,     3707.7939
484,     152.71373011,     3716.4901
485,     154.66921948,     3726.4035
486,     156.23025679,     3743.5006
487,     157.14037809,     3759.5901
488,     157.47848362,     3774.5074
489,     157.49998242,     3791.599
490,     157.45498764,     3810.4525
491,     157.35665538,     3845.446
492,     157.15805046,     3868.6103
493,     157.20951112,     3886.2038
494,     158.20089302,     3912.3418
495,     160.0805348,     3940.2383
496,     162.20369961,     3956.4116
497,     164.21925312,     3983.7739
498,     165.81329237,     4003.8463
499,     166.77608799,     4029.9584
500,     167.20081806,     4051.7696
501,     167.27526793,     4070.9525
502,     167.26881059,     4096.7359
503,     167.32335921,     4109.8429
504,     167.342076,     4116.4499
